  0   8   8   8   8   5   0   0   0   0   0   0   0   0   0   0
  8 253 231 231 238 167   0   0   0   0   0   0   0   0   0   0
  8 231   0   0  72 167   0   0   0   0   0   0   0   0   0   0
  8 231   0   0  72 167  23  56  26   0   0   0   0   0   0   0
  8 238  72  72 123 167 104 255 120   0   0   0   0   0   0   0
  5 167 167 167 167 110  68 167  78   0   0   0   0   0   0   0
  0   0   0  23 104  68   0   0   0   0   0   0   0   0   0   0
  0   0   0  56 255 167   0   0  64  49  39  60  13   0   0   0
  0   0   0  26 120  78   0  64 199 104 128 195  43   0   0   0
  0   0   0   0   0   0   0  49 104  42 167 255  56   0   0   0
  0   0   0   0   0   0   0  39 128 167 225 255 187 167 167   5
  0   0   0   0   0   0   0  60 195 255 255 255 255 255 255   8
  0   0   0   0   0   0   0  13  43  56 187 255  99  56 236   8
  0   0   0   0   0   0   0   0   0   0 167 255  56   0 231   8
  0   0   0   0   0   0   0   0   0   0 167 255 236 231 253   8
  0   0   0   0   0   0   0   0   0   0   5   8   8   8   8   0
  0   8   8   8   8   5   0   0   0   0   0   0   0   0   0   0
  8 253 231 231 238 167   0   0   0   0   0   0   0   0   0   0
  8 231   0   0  72 167   0   0   0   0   0   0   0   0   0   0
  8 231   0   0  72 167  23  56  26   0   0   0   0   0   0   0
  8 238  72  72 123 167 104 255 120   0   0   0   0   0   0   0
  5 167 167 167 167 110  68 167  78   0   0   0   0   0   0   0
  0   0   0  23 104  68   0   0   0   0   0   0   0   0   0   0
  0   0   0  56 255 167   0   0  64  49  39  60  13   0   0   0
  0   0   0  26 120  78   0  64 199 104 128 195  43   0   0   0
  0   0   0   0   0   0   0  49 104  42 167 255  56   0   0   0
  0   0   0   0   0   0   0  39 128 167 225 255 187 167 167   5
  0   0   0   0   0   0   0  60 195 255 255 255 255 255 255   8
  0   0   0   0   0   0   0  13  43  56 187 255  99  56 236   8
  0   0   0   0   0   0   0   0   0   0 167 255  56   0 231   8
  0   0   0   0   0   0   0   0   0   0 167 255 236 231 253   8
  0   0   0   0   0   0   0   0   0   0   5   8   8   8   8   0
  0   8   8   8   8   5   0   0   0   0   0   0   0   0   0   0
  8 253 231 231 238 167   0   0   0   0   0   0   0   0   0   0
  8 231   0   0  72 167   0   0   0   0   0   0   0   0   0   0
  8 231   0   0  72 167  23  56  26   0   0   0   0   0   0   0
  8 238  72  72 123 167 104 255 120   0   0   0   0   0   0   0
  5 167 167 167 167 110  68 167  78   0   0   0   0   0   0   0
  0   0   0  23 104  68   0   0   0   0   0   0   0   0   0   0
  0   0   0  56 255 167   0   0  64  49  39  60  13   0   0   0
  0   0   0  26 120  78   0  64 199 104 128 195  43   0   0   0
  0   0   0   0   0   0   0  49 104  42 167 255  56   0   0   0
  0   0   0   0   0   0   0  39 128 167 225 255 187 167 167   5
  0   0   0   0   0   0   0  60 195 255 255 255 255 255 255   8
  0   0   0   0   0   0   0  13  43  56 187 255  99  56 236   8
  0   0   0   0   0   0   0   0   0   0 167 255  56   0 231   8
  0   0   0   0   0   0   0   0   0   0 167 255 236 231 253   8
  0   0   0   0   0   0   0   0   0   0   5   8   8   8   8   0

  0   0   0   0   0   0   0   0   0   0   5   8   8   8   8   0
  0   0   0   0   0   0   0   0   0   0 167 255 236 231 253   8
  0   0   0   0   0   0   0   0   0   0 167 255  56   0 231   8
  0   0   0   0   0   0   0  13  43  56 187 255  99  56 236   8
  0   0   0   0   0   0   0  60 195 255 255 255 255 255 255   8
  0   0   0   0   0   0   0  39 128 167 225 255 187 167 167   5
  0   0   0   0   0   0   0  49 104  42 167 255  56   0   0   0
  0   0   0  26 120  78   0  64 199 104 128 195  43   0   0   0
  0   0   0  56 255 167   0   0  64  49  39  60  13   0   0   0
  0   0   0  23 104  68   0   0   0   0   0   0   0   0   0   0
  5 167 167 167 167 110  68 167  78   0   0   0   0   0   0   0
  8 238  72  72 123 167 104 255 120   0   0   0   0   0   0   0
  8 231   0   0  72 167  23  56  26   0   0   0   0   0   0   0
  8 231   0   0  72 167   0   0   0   0   0   0   0   0   0   0
  8 253 231 231 238 167   0   0   0   0   0   0   0   0   0   0
  0   8   8   8   8   5   0   0   0   0   0   0   0   0   0   0
  0   0   0   0   0   0   0   0   0   0   5   8   8   8   8   0
  0   0   0   0   0   0   0   0   0   0 167 255 236 231 253   8
  0   0   0   0   0   0   0   0   0   0 167 255  56   0 231   8
  0   0   0   0   0   0   0  13  43  56 187 255  99  56 236   8
  0   0   0   0   0   0   0  60 195 255 255 255 255 255 255   8
  0   0   0   0   0   0   0  39 128 167 225 255 187 167 167   5
  0   0   0   0   0   0   0  49 104  42 167 255  56   0   0   0
  0   0   0  26 120  78   0  64 199 104 128 195  43   0   0   0
  0   0   0  56 255 167   0   0  64  49  39  60  13   0   0   0
  0   0   0  23 104  68   0   0   0   0   0   0   0   0   0   0
  5 167 167 167 167 110  68 167  78   0   0   0   0   0   0   0
  8 238  72  72 123 167 104 255 120   0   0   0   0   0   0   0
  8 231   0   0  72 167  23  56  26   0   0   0   0   0   0   0
  8 231   0   0  72 167   0   0   0   0   0   0   0   0   0   0
  8 253 231 231 238 167   0   0   0   0   0   0   0   0   0   0
  0   8   8   8   8   5   0   0   0   0   0   0   0   0   0   0
  0   0   0   0   0   0   0   0   0   0   5   8   8   8   8   0
  0   0   0   0   0   0   0   0   0   0 167 255 236 231 253   8
  0   0   0   0   0   0   0   0   0   0 167 255  56   0 231   8
  0   0   0   0   0   0   0  13  43  56 187 255  99  56 236   8
  0   0   0   0   0   0   0  60 195 255 255 255 255 255 255   8
  0   0   0   0   0   0   0  39 128 167 225 255 187 167 167   5
  0   0   0   0   0   0   0  49 104  42 167 255  56   0   0   0
  0   0   0  26 120  78   0  64 199 104 128 195  43   0   0   0
  0   0   0  56 255 167   0   0  64  49  39  60  13   0   0   0
  0   0   0  23 104  68   0   0   0   0   0   0   0   0   0   0
  5 167 167 167 167 110  68 167  78   0   0   0   0   0   0   0
  8 238  72  72 123 167 104 255 120   0   0   0   0   0   0   0
  8 231   0   0  72 167  23  56  26   0   0   0   0   0   0   0
  8 231   0   0  72 167   0   0   0   0   0   0   0   0   0   0
  8 253 231 231 238 167   0   0   0   0   0   0   0   0   0   0
  0   8   8   8   8   5   0   0   0   0   0   0   0   0   0   0

 54 103 101 102  87  33   0   0   0   0   0   0   0   0   0   0
131 229 188 202 208  81   0   0   0   0   0   0   0   0   0   0
128 159   0  54 184  87  18  16   4   0   0   0   0   0   0   0
129 174  39  85 189 121 125 113  32   0   0   0   0   0   0   0
118 204 162 176 186 133 191 173  50   0   0   0   0   0   0   0
 56 108 113 146 151  93  93  84  24   0   0   0   0   0   0   0
  0   0  17 122 192  95  22  52  32   5   0   0   0   0   0   0
  0   0  15 111 174  86  58 118  69  16  61  96  33   2   0   0
  0   0   4  32  50  25  44  91  53  12 144 224  77   5   0   0
  0   0   0   0   0   0  10  26  16   2 102 159  55   3   0   0
  0   0   0   0   0   0   0  67 142  79 115 171 156 145 145  31
  0   0   0   0   0   0   0 112 235 131 158 185 141 137 229  53
  0   0   0   0   0   0   0  49 104  58 153 141  38  29 225  56
  0   0   0   0   0   0   0   4   8   5 145 137  29  21 224  56
  0   0   0   0   0   0   0   0   0   0 145 229 225 224 251  56
  0   0   0   0   0   0   0   0   0   0  31  53  56  56  56  12
 54 103 101 102  87  33   0   0   0   0   0   0   0   0   0   0
131 229 188 202 208  81   0   0   0   0   0   0   0   0   0   0
128 159   0  54 184  87  18  16   4   0   0   0   0   0   0   0
129 174  39  85 189 121 125 113  32   0   0   0   0   0   0   0
118 204 162 176 186 133 191 173  50   0   0   0   0   0   0   0
 56 108 113 146 151  93  93  84  24   0   0   0   0   0   0   0
  0   0  17 122 192  95  22  52  32   5   0   0   0   0   0   0
  0   0  15 111 174  86  58 118  69  16  61  96  33   2   0   0
  0   0   4  32  50  25  44  91  53  12 144 224  77   5   0   0
  0   0   0   0   0   0  10  26  16   2 102 159  55   3   0   0
  0   0   0   0   0   0   0  67 142  79 115 171 156 145 145  31
  0   0   0   0   0   0   0 112 235 131 158 185 141 137 229  53
  0   0   0   0   0   0   0  49 104  58 153 141  38  29 225  56
  0   0   0   0   0   0   0   4   8   5 145 137  29  21 224  56
  0   0   0   0   0   0   0   0   0   0 145 229 225 224 251  56
  0   0   0   0   0   0   0   0   0   0  31  53  56  56  56  12
 54 103 101 102  87  33   0   0   0   0   0   0   0   0   0   0
131 229 188 202 208  81   0   0   0   0   0   0   0   0   0   0
128 159   0  54 184  87  18  16   4   0   0   0   0   0   0   0
129 174  39  85 189 121 125 113  32   0   0   0   0   0   0   0
118 204 162 176 186 133 191 173  50   0   0   0   0   0   0   0
 56 108 113 146 151  93  93  84  24   0   0   0   0   0   0   0
  0   0  17 122 192  95  22  52  32   5   0   0   0   0   0   0
  0   0  15 111 174  86  58 118  69  16  61  96  33   2   0   0
  0   0   4  32  50  25  44  91  53  12 144 224  77   5   0   0
  0   0   0   0   0   0  10  26  16   2 102 159  55   3   0   0
  0   0   0   0   0   0   0  67 142  79 115 171 156 145 145  31
  0   0   0   0   0   0   0 112 235 131 158 185 141 137 229  53
  0   0   0   0   0   0   0  49 104  58 153 141  38  29 225  56
  0   0   0   0   0   0   0   4   8   5 145 137  29  21 224  56
  0   0   0   0   0   0   0   0   0   0 145 229 225 224 251  56
  0   0   0   0   0   0   0   0   0   0  31  53  56  56  56  12

  0   0   0   0   0   0   0   0   0   0  34  59  62  62  62  15
  0   0   0   0   0   0   0   0   0   0 138 226 219 218 249  62
  0   0   0   0   0   0   0   3   7   5 140 140  33  21 218  62
  0   0   0   0   0   0   0  33  82  61 152 146  45  33 219  62
  0   0   0   0   0   0   0  90 222 164 168 186 146 140 226  59
  0   0   0   0   0   0   0  55 137 101 109 153 149 139 138  34
  0   0   0   0   0   0   6  17  14   3  79 137  64   7   0   0
  0   0   4  34  55  28  31  72  56  19 135 233 109  11   0   0
  0   0  14 113 179  91  48 119  94  29  61 105  49   5   0   0
  0   0  15 121 191  97  19  54  43  11   1   1   0   0   0   0
 33  86  90 121 134  95  99  93  28   0   0   0   0   0   0   0
 85 212 187 191 191 154 192 180  55   0   0   0   0   0   0   0
 98 207  48  76 175 148 118 110  34   0   0   0   0   0   0   0
 98 195   0  35 162 118  14  13   4   0   0   0   0   0   0   0
 99 233 165 177 207 114   0   0   0   0   0   0   0   0   0   0
 50 129 127 127 117  58   0   0   0   0   0   0   0   0   0   0
  0   0   0   0   0   0   0   0   0   0  34  59  62  62  62  15
  0   0   0   0   0   0   0   0   0   0 138 226 219 218 249  62
  0   0   0   0   0   0   0   3   7   5 140 140  33  21 218  62
  0   0   0   0   0   0   0  33  82  61 152 146  45  33 219  62
  0   0   0   0   0   0   0  90 222 164 168 186 146 140 226  59
  0   0   0   0   0   0   0  55 137 101 109 153 149 139 138  34
  0   0   0   0   0   0   6  17  14   3  79 137  64   7   0   0
  0   0   4  34  55  28  31  72  56  19 135 233 109  11   0   0
  0   0  14 113 179  91  48 119  94  29  61 105  49   5   0   0
  0   0  15 121 191  97  19  54  43  11   1   1   0   0   0   0
 33  86  90 121 134  95  99  93  28   0   0   0   0   0   0   0
 85 212 187 191 191 154 192 180  55   0   0   0   0   0   0   0
 98 207  48  76 175 148 118 110  34   0   0   0   0   0   0   0
 98 195   0  35 162 118  14  13   4   0   0   0   0   0   0   0
 99 233 165 177 207 114   0   0   0   0   0   0   0   0   0   0
 50 129 127 127 117  58   0   0   0   0   0   0   0   0   0   0
  0   0   0   0   0   0   0   0   0   0  34  59  62  62  62  15
  0   0   0   0   0   0   0   0   0   0 138 226 219 218 249  62
  0   0   0   0   0   0   0   3   7   5 140 140  33  21 218  62
  0   0   0   0   0   0   0  33  82  61 152 146  45  33 219  62
  0   0   0   0   0   0   0  90 222 164 168 186 146 140 226  59
  0   0   0   0   0   0   0  55 137 101 109 153 149 139 138  34
  0   0   0   0   0   0   6  17  14   3  79 137  64   7   0   0
  0   0   4  34  55  28  31  72  56  19 135 233 109  11   0   0
  0   0  14 113 179  91  48 119  94  29  61 105  49   5   0   0
  0   0  15 121 191  97  19  54  43  11   1   1   0   0   0   0
 33  86  90 121 134  95  99  93  28   0   0   0   0   0   0   0
 85 212 187 191 191 154 192 180  55   0   0   0   0   0   0   0
 98 207  48  76 175 148 118 110  34   0   0   0   0   0   0   0
 98 195   0  35 162 118  14  13   4   0   0   0   0   0   0   0
 99 233 165 177 207 114   0   0   0   0   0   0   0   0   0   0
 50 129 127 127 117  58   0   0   0   0   0   0   0   0   0   0
